--- outfile3.txt	2017-11-05 08:35:16.000000001 -0800
+++ model-outfile3.txt	2017-11-05 08:35:08.000000001 -0800
@@ -59,23 +59,23 @@
 1: (6, -7607.6)
 2: (2, 9792.3)
 3: (3, -7433.3) (9, -7044.9) (14, 3717.5)
-4: (9, -5056.4) (5, -6018.9) (8, 9843.4) (12, -815.1) (14, -8592.6) (16, 4544.1) (20, -4788.1)
-5: (11, -6087.6) (6, 650.6) (4, 3948.1) (3, -9731.7) (13, -3487.3) (20, 4706.0)
+4: (5, -6018.9) (8, 9843.4) (9, -5056.4) (12, -815.1) (14, -8592.6) (16, 4544.1) (20, -4788.1)
+5: (3, -9731.7) (4, 3948.1) (6, 650.6) (11, -6087.6) (13, -3487.3) (20, 4706.0)
 6: (6, -3442.1) (8, 6019.1) (17, -6543.7)
 7: (4, 3252.7) (10, 5485.6) (16, -3544.5) (20, 7494.4)
 8: (1, 2195.8) (2, 8989.5) (6, -605.6) (17, 7789.1)
-9: (9, 3894.5) (8, 2218.0) (7, -4702.6) (4, -1331.4) (5, 6744.1) (16, 4347.5) (20, 3768.4)
-10: (12, -7499.9) (7, 2671.7) (2, -1821.5) (3, 8128.7) (4, -9090.5) (9, 8080.1) (15, -8204.6) (17, -3793.7)
-11: (13, 2285.5) (2, -5704.5) (10, -8284.5) (16, -3048.2)
+9: (4, -1331.4) (5, 6744.1) (7, -4702.6) (8, 2218.0) (9, 3894.5) (16, 4347.5) (20, 3768.4)
+10: (2, -1821.5) (3, 8128.7) (4, -9090.5) (7, 2671.7) (9, 8080.1) (12, -7499.9) (15, -8204.6) (17, -3793.7)
+11: (2, -5704.5) (10, -8284.5) (13, 2285.5) (16, -3048.2)
 12: (1, -5040.3) (8, -2840.7) (10, 4934.7) (11, 3548.5)
-13: (9, -3934.8) (8, 9314.0) (3, -9078.3) (15, 8622.2) (17, 9768.6)
+13: (3, -9078.3) (8, 9314.0) (9, -3934.8) (15, 8622.2) (17, 9768.6)
 14: (2, 8936.5) (9, 11488.5)
 15: (2, -7389.8) (6, 8410.6)
 16: (7, 7374.4) (16, -9176.0) (17, -3214.9)
 17: (5, -9011.6) (20, -3669.2000000000003)
 18: (2, -7953.6) (6, -6203.5) (11, -334.1) (12, 8626.8) (13, 3324.5)
-19: (12, -7007.8) (5, -1692.8) (1, 2848.7) (7, -1429.9) (8, 4750.6) (15, -7875.900000000001) (16, 36.2)
-20: (15, 9038.8) (2, 2141.8) (7, -3490.5) (16, -6639.6) (17, -1453.4) (18, 2112.4)
+19: (1, 2848.7) (5, -1692.8) (7, -1429.9) (8, 4750.6) (12, -7007.8) (15, -7875.900000000001) (16, 36.2)
+20: (2, 2141.8) (7, -3490.5) (15, 9038.8) (16, -6639.6) (17, -1453.4) (18, 2112.4)
 
 A+A =
 3: (3, -14866.6) (9, -14089.8)
@@ -100,23 +100,23 @@
 1: (6, -7607.6)
 2: (2, 9792.3)
 3: (3, 7433.3) (9, 7044.9) (14, 3717.5)
-4: (5, 6018.9) (8, 5610.200000000001) (9, 5056.4) (12, 815.1) (14, 8592.6) (16, 4544.1) (20, -4788.1)
-5: (3, 9731.7) (4, -3948.1) (6, -650.6) (11, 6087.6) (13, 3487.3) (20, -4706.0)
+4: (5, 6018.9) (8, 5610.200000000001) (9, -5056.4) (12, 815.1) (14, 8592.6) (16, 4544.1) (20, -4788.1)
+5: (3, 9731.7) (4, 3948.1) (6, 650.6) (11, -6087.6) (13, 3487.3) (20, -4706.0)
 6: (6, -3442.1) (8, 6019.1) (17, -6543.7)
 7: (4, -3252.7) (10, -5485.6) (16, 3544.5) (20, -7494.4)
 8: (1, -2195.8) (2, 8989.5) (6, -605.6) (17, 7789.1)
-9: (4, 1331.4) (5, -6744.1) (7, 4702.6) (8, -2218.0) (9, -3894.5) (16, -4347.5) (20, -3768.4)
-10: (2, 1821.5) (3, -8128.7) (4, 9090.5) (7, -2671.7) (9, -8080.1) (12, 7499.9) (15, 8204.6) (17, -3793.7)
-11: (2, 5704.5) (10, 8284.5) (13, -2285.5) (16, 3048.2)
+9: (4, 1331.4) (5, -6744.1) (7, -4702.6) (8, 2218.0) (9, 3894.5) (16, -4347.5) (20, -3768.4)
+10: (2, -1821.5) (3, -8128.7) (4, 9090.5) (7, 2671.7) (9, -8080.1) (12, -7499.9) (15, 8204.6) (17, -3793.7)
+11: (2, 5704.5) (10, 8284.5) (13, 2285.5) (16, 3048.2)
 12: (1, 5040.3) (8, 2840.7) (10, -4934.7) (11, -3548.5)
-13: (3, 9078.3) (8, -9314.0) (9, 3934.8) (15, -8622.2) (17, -9768.6)
-14: (2, -8936.5) (9, -6795.900000000001)
+13: (3, -9078.3) (8, 9314.0) (9, -3934.8) (15, -8622.2) (17, -9768.6)
+14: (2, 8936.5) (9, -6795.900000000001)
 15: (2, 7389.8) (6, -8410.6)
-16: (7, -7374.4) (16, 9176.0) (17, 3214.9)
+16: (7, 7374.4) (16, 9176.0) (17, 3214.9)
 17: (5, 9011.6) (20, -10058.4)
-18: (2, 7953.6) (6, 5423.5) (11, 334.1) (12, -9255.8) (13, 3324.5)
-19: (1, -2848.7) (5, 1692.8) (7, 1429.9) (8, -4750.6) (12, 7007.8) (15, -8526.300000000001) (16, -36.2)
-20: (2, -2141.8) (7, 3490.5) (15, -9038.8) (16, 6639.6) (17, 1453.4) (18, -2112.4)
+18: (2, -7953.6) (6, 5423.5) (11, 334.1) (12, -9255.8) (13, 3324.5)
+19: (1, -2848.7) (5, -1692.8) (7, 1429.9) (8, -4750.6) (12, -7007.8) (15, -8526.300000000001) (16, -36.2)
+20: (2, 2141.8) (7, 3490.5) (15, 9038.8) (16, 6639.6) (17, 1453.4) (18, -2112.4)
 
 A-A =
 
