--- outfile1.txt	2017-11-14 15:42:24.000000001 -0800
+++ model-outfile1.txt	2017-11-14 15:42:21.000000001 -0800
@@ -1,36 +1,36 @@
-1:13 18 27 24 23 6 11 4 
-2:9 26 12 6 15 16 22 28 25 17 20 27 29 
-3:14 29 8 25 5 7 4 19 
-4:19 11 16 12 17 1 29 18 7 3 15 25 14 
-5:14 15 10 21 11 20 3 28 19 9 25 30 18 24 7 
-6:26 17 14 2 23 18 1 27 11 29 10 
-7:28 21 14 12 27 18 15 8 3 4 24 5 30 
-8:10 12 3 18 22 14 16 7 21 28 20 24 
-9:15 21 2 29 14 18 22 28 30 20 5 12 17 27 19 25 13 
-10:20 8 17 5 26 19 28 25 6 16 24 
-11:16 13 22 5 4 23 12 1 6 19 28 14 
-12:8 7 2 15 28 4 22 11 25 9 16 20 24 
-13:30 14 1 24 11 18 23 21 29 25 28 26 20 9 
-14:13 7 5 3 27 17 16 6 30 9 8 21 20 22 28 15 18 11 4 
-15:9 28 5 19 2 7 12 29 25 27 4 14 17 
-16:11 14 2 8 23 4 27 21 24 18 12 10 28 
-17:29 23 30 6 27 10 25 14 28 21 4 19 2 9 20 15 
-18:23 20 21 29 13 8 1 7 9 26 24 16 6 4 14 5 30 
-19:26 15 24 29 10 4 23 5 30 17 3 9 11 
-20:18 10 30 5 23 14 28 9 2 24 8 12 13 21 17 
-21:7 9 28 18 5 14 17 16 13 25 23 29 8 22 20 
-22:27 11 8 23 25 2 9 14 12 30 21 
-23:18 30 17 22 1 20 16 11 13 6 19 21 27 29 24 25 
-24:13 19 1 18 16 29 27 28 20 23 12 8 5 7 10 
-25:17 3 22 15 12 21 13 2 28 30 4 10 5 9 23 
-26:6 19 29 2 10 18 13 
-27:7 17 14 22 1 16 15 6 24 23 2 9 
-28:7 15 21 10 17 2 12 9 20 5 14 24 13 25 8 11 16 
-29:17 3 9 26 18 19 15 13 24 4 21 23 6 2 
-30:13 23 17 20 14 9 19 22 25 5 18 7 
+1: 4 6 11 13 18 23 24 27
+2: 6 9 12 15 16 17 20 22 25 26 27 28 29
+3: 4 5 7 8 14 19 25 29
+4: 1 3 7 11 12 14 15 16 17 18 19 25 29
+5: 3 7 9 10 11 14 15 18 19 20 21 24 25 28 30
+6: 1 2 10 11 14 17 18 23 26 27 29
+7: 3 4 5 8 12 14 15 18 21 24 27 28 30
+8: 3 7 10 12 14 16 18 20 21 22 24 28
+9: 2 5 12 13 14 15 17 18 19 20 21 22 25 27 28 29 30
+10: 5 6 8 16 17 19 20 24 25 26 28
+11: 1 4 5 6 12 13 14 16 19 22 23 28
+12: 2 4 7 8 9 11 15 16 20 22 24 25 28
+13: 1 9 11 14 18 20 21 23 24 25 26 28 29 30
+14: 3 4 5 6 7 8 9 11 13 15 16 17 18 20 21 22 27 28 30
+15: 2 4 5 7 9 12 14 17 19 25 27 28 29
+16: 2 4 8 10 11 12 14 18 21 23 24 27 28
+17: 2 4 6 9 10 14 15 19 20 21 23 25 27 28 29 30
+18: 1 4 5 6 7 8 9 13 14 16 20 21 23 24 26 29 30
+19: 3 4 5 9 10 11 15 17 23 24 26 29 30
+20: 2 5 8 9 10 12 13 14 17 18 21 23 24 28 30
+21: 5 7 8 9 13 14 16 17 18 20 22 23 25 28 29
+22: 2 8 9 11 12 14 21 23 25 27 30
+23: 1 6 11 13 16 17 18 19 20 21 22 24 25 27 29 30
+24: 1 5 7 8 10 12 13 16 18 19 20 23 27 28 29
+25: 2 3 4 5 9 10 12 13 15 17 21 22 23 28 30
+26: 2 6 10 13 18 19 29
+27: 1 2 6 7 9 14 15 16 17 22 23 24
+28: 2 5 7 8 9 10 11 12 13 14 15 16 17 20 21 24 25
+29: 2 3 4 6 9 13 15 17 18 19 21 23 24 26
+30: 5 7 9 13 14 17 18 19 20 22 23 25
 
 The distance from 15 to 24 is 2
-A shortest 15-24 path is: 15 28 24 
+A shortest 15-24 path is: 15 5 24
 
 The distance from 21 to 21 is 0
 A shortest 21-21 path is: 21 
@@ -54,10 +54,10 @@
 A shortest 23-15 path is: 23 17 15 
 
 The distance from 7 to 2 is 2
-A shortest 7-2 path is: 7 28 2 
+A shortest 7-2 path is: 7 12 2
 
 The distance from 20 to 6 is 2
-A shortest 20-6 path is: 20 18 6 
+A shortest 20-6 path is: 20 2 6
 
 The distance from 13 to 20 is 1
 A shortest 13-20 path is: 13 20 
